1.70136 20
1.37732 20
1.07753 20
1.03618 20
1.32643 20
1.19695 20
1.09068 20
1.28556 20
1.18928 20
1.03468 20
1.02067 20
1.29297 20
1.33316 20
1.18298 20
1.14891 20
1.27666 20
1.02745 20
1.17523 20
1.24565 20
1.03496 20
1.07756 20
1.16413 20
1.25141 20
1.38298 20
1.19666 20
1.12398 20
1.00563 20
1.4011 20
1.11114 20
1.24174 20
1.57834 20
1.33358 20
1.28988 20
1.34513 20
1.12211 20
1.18234 20
1.10737 20
1.32571 20
1.24948 20
1.15628 20
1.24105 20
1.65223 20
1.73074 20
0 20
1.10498 20
1.55052 20
1.32747 20
1.0466 20
1.22057 20
1.68839 20
1.06013 20
1.06543 20
1.43148 20
1.19174 20
1.39624 20
1.11154 20
1.1203 20
1.00459 20
1.10517 20
1.14481 20
1.40019 20
0 20
1.38231 20
1.83714 20
1.28676 20
1.14749 20
1.51178 20
1.02069 20
1.09874 20
1.61595 20
1.14247 20
1.74566 20
1.38178 20
1.09712 20
1.18748 20
1.08084 20
1.20114 20
1.31726 20
1.17104 20
1.10671 20
1.10425 20
1.00661 20
1.15951 20
1.0181 20
1.07799 20
1.40049 20
1.14043 20
1.17063 20
1.04976 20
1.17064 20
1.22029 20
1.37242 20
1.0343 20
1.33055 20
1.05069 20
1.27846 20
1.17409 20
1.10716 20
1.32533 20
1.37555 20
1.22139 20
1.37202 20
1.55038 20
1.53028 20
1.00972 20
1.11763 20
1.1768 20
1.1099 20
1.05933 20
1.17298 20
1.68855 20
1.23259 20
1.19138 20
1.69371 20
1.04238 20
1.32401 20
1.14711 20
1.13185 20
1.30692 20
1.36315 20
1.16192 20
1.36134 20
1.41261 20
1.33058 20
1.22194 20
1.17125 20
1.52848 20
1.34462 20
1.29115 20
1.62779 20
1.27655 20
1.13033 20
1.09587 20
1.11353 20
1.33049 20
1.25461 20
1.14524 20
1.03312 20
1.12923 20
1.08037 20
1.24832 20
1.14986 20
1.18661 20
1.41216 20
1.03974 20
1.05905 20
1.08488 20
1.14747 20
1.33009 20
1.04926 20
1.00154 20
1.16431 20
1.02849 20
1.11307 20
1.27673 20
1.06014 20
1.06499 20
1.09001 20
1.33221 20
1.07216 20
1.47197 20
1.07492 20
1.06017 20
1.25735 20
1.17516 20
1.01784 20
1.13278 20
1.19724 20
1.16797 20
1.06668 20
1.56683 20
1.11014 20
1.03776 20
1.18031 20
1.12181 20
1.16589 20
1.15119 20
1.62106 20
1.04653 20
1.68929 20
1.14872 20
1.21928 20
1.33572 20
1.6452 20
1.20668 20
1.59359 20
1.61751 20
1.31946 20
1.09288 20
0.9 0
0.5 0
